7.29e-13        0       0       0.00189616      2500
7.29e-13        1.8225e-09      2.27721e-06     0.0132822       2500
7.29e-13        3.645e-09       9.11067e-06     0.0360589       2500
7.29e-13        5.4675e-09      2.05004e-05     0.115379        3611
-7.29e-13       8.09991e-09     4.4995e-05      0.135894        2500
-7.29e-13       6.27742e-09     6.29676e-05     0.175132        2500
-7.29e-13       4.45492e-09     7.63839e-05     0.20298 2500
-7.29e-13       2.63242e-09     8.5244e-05      0.319258        3611
0       0       8.99981e-05     0.224995        2500
0       0       8.99981e-05     0.224995        2500
0       0       8.99981e-05     0.224995        2500
0       0       8.99981e-05     0.224995        2500
0       0       8.99981e-05     0.224995        2500
0       0       8.99981e-05     0.224995        2500
0       0       8.99981e-05     0.224995        2500
0       0       8.99981e-05     0.224995        2500
0       0       8.99981e-05     0.224995        2500
0       0       8.99981e-05     0.224995        2500
0       0       8.99981e-05     0.224995        2500
0       0       8.99981e-05     0.224995        2500
0       0       8.99981e-05     0.224995        2500
0       0       8.99981e-05     0.224995        2500
0       0       8.99981e-05     0.224995        2500
0       0       8.99981e-05     0.224995        2500
0       0       8.99981e-05     0.224995        2500
0       0       8.99981e-05     0.224995        2500
0       0       8.99981e-05     0.224995        2500
0       0       8.99981e-05     0.224995        2500
0       0       8.99981e-05     0.224995        2500
0       0       8.99981e-05     0.224995        2500
0       0       8.99981e-05     0.224995        2500
0       0       8.99981e-05     0.224995        2500
0       0       8.99981e-05     0.224995        2500
0       0       8.99981e-05     0.224995        2500
0       0       8.99981e-05     0.224995        2500
0       0       8.99981e-05     0.224995        2500
0       0       8.99981e-05     0.224995        2500
0       0       8.99981e-05     0.224995        2500
0       0       8.99981e-05     0.224995        2500
0       0       8.99981e-05     0.224995        2500
0       0       8.99981e-05     0.224995        2500
0       0       8.99981e-05     0.224995        2500
0       0       8.99981e-05     0.224995        2500
0       0       8.99981e-05     0.224995        2500
0       0       8.99981e-05     0.224995        2500
0       0       8.99981e-05     0.224995        2500
0       0       8.99981e-05     0.224995        2500
0       0       8.99981e-05     0.224995        2500
0       0       8.99981e-05     0.224995        2500
0       0       8.99981e-05     0.224995        2500
0       0       8.99981e-05     0.224995        2500
0       0       8.99981e-05     0.224995        2500
0       0       8.99981e-05     0.224995        2500
0       0       8.99981e-05     0.224995        2500
0       0       8.99981e-05     0.224995        2500
0       0       8.99981e-05     0.224995        2500
0       0       8.99981e-05     0.224995        2500
0       0       8.99981e-05     0.224995        2500
0       0       8.99981e-05     0.224995        2500
0       0       8.99981e-05     0.224995        2500
0       0       8.99981e-05     0.224995        2500
0       0       8.99981e-05     0.224995        2500
0       0       8.99981e-05     0.224995        2500
0       0       8.99981e-05     0.224995        2500
0       0       8.99981e-05     0.224995        2500
0       0       8.99981e-05     0.224995        2500
0       0       8.99981e-05     0.224995        2500
0       0       8.99981e-05     0.224995        2500
0       0       8.99981e-05     0.224995        2500
0       0       8.99981e-05     0.224995        2500
0       0       8.99981e-05     0.224995        2500
0       0       8.99981e-05     0.224995        2500
0       0       8.99981e-05     0.224995        2500
0       0       8.99981e-05     0.224995        2500
0       0       8.99981e-05     0.224995        2500
0       0       8.99981e-05     0.224995        2500
0       0       8.99981e-05     0.224995        2500
0       0       8.99981e-05     0.224995        2500
0       0       8.99981e-05     0.224995        2500
0       0       8.99981e-05     0.224995        2500
0       0       8.99981e-05     0.224995        2500
0       0       8.99981e-05     0.224995        2500
0       0       8.99981e-05     0.224995        2500
0       0       8.99981e-05     0.224995        2500
0       0       8.99981e-05     0.224995        2500
0       0       8.99981e-05     0.224995        2500
0       0       8.99981e-05     0.224995        2500
0       0       8.99981e-05     0.224995        2500
0       0       8.99981e-05     0.224995        2500
0       0       8.99981e-05     0.224995        2500
0       0       8.99981e-05     0.224995        2500
0       0       8.99981e-05     0.224995        2500
0       0       8.99981e-05     0.224995        2500
0       0       8.99981e-05     0.224995        2500
0       0       8.99981e-05     0.224995        2500
0       0       8.99981e-05     0.224995        2500
0       0       8.99981e-05     0.224995        2500
0       0       8.99981e-05     0.224995        2500
0       0       8.99981e-05     0.224995        2500
0       0       8.99981e-05     0.224995        2500
0       0       8.99981e-05     0.224995        2500
0       0       8.99981e-05     0.224995        2500
0       0       8.99981e-05     0.224995        2500
0       0       8.99981e-05     0.224995        2500
0       0       8.99981e-05     0.224995        2500
0       0       8.99981e-05     0.224995        2500
0       0       8.99981e-05     0.224995        2500
0       0       8.99981e-05     0.224995        2500
0       0       8.99981e-05     0.224995        2500
0       0       8.99981e-05     0.224995        2500
0       0       8.99981e-05     0.224995        2500
0       0       8.99981e-05     0.224995        2500
0       0       8.99981e-05     0.224995        2500
0       0       8.99981e-05     0.224995        2500
0       0       8.99981e-05     0.224995        2500
0       0       8.99981e-05     0.224995        2500
0       0       8.99981e-05     0.224995        2500
0       0       8.99981e-05     0.224995        2500
0       0       8.99981e-05     0.224995        2500
0       0       8.99981e-05     0.224995        2500
0       0       8.99981e-05     0.224995        2500
0       0       8.99981e-05     0.224995        2500
0       0       8.99981e-05     0.224995        2500
0       0       8.99981e-05     0.224995        2500
0       0       8.99981e-05     0.224995        2500
0       0       8.99981e-05     0.224995        2500
0       0       8.99981e-05     0.224995        2500
0       0       8.99981e-05     0.224995        2500
0       0       8.99981e-05     0.224995        2500
0       0       8.99981e-05     0.224995        2500
0       0       8.99981e-05     0.224995        2500
0       0       8.99981e-05     0.224995        2500
0       0       8.99981e-05     0.224995        2500
0       0       8.99981e-05     0.224995        2500
0       0       8.99981e-05     0.224995        2500
0       0       8.99981e-05     0.224995        2500
0       0       8.99981e-05     0.224995        2500
0       0       8.99981e-05     0.224995        2500
0       0       8.99981e-05     0.224995        2500
0       0       8.99981e-05     0.224995        2500
0       0       8.99981e-05     0.224995        2500
0       0       8.99981e-05     0.224995        2500
0       0       8.99981e-05     0.224995        2500
0       0       8.99981e-05     0.224995        2500
0       0       8.99981e-05     0.224995        2500
0       0       8.99981e-05     0.224995        2500
0       0       8.99981e-05     0.224995        2500
0       0       8.99981e-05     0.224995        2500
0       0       8.99981e-05     0.224995        2500
0       0       8.99981e-05     0.224995        2500
0       0       8.99981e-05     0.224995        2500
0       0       8.99981e-05     0.224995        2500
0       0       8.99981e-05     0.224995        2500
0       0       8.99981e-05     0.224995        2500
0       0       8.99981e-05     0.224995        2500
0       0       8.99981e-05     0.224995        2500
0       0       8.99981e-05     0.224995        2500
0       0       8.99981e-05     0.224995        2500
0       0       8.99981e-05     0.224995        2500
0       0       8.99981e-05     0.224995        2500
0       0       8.99981e-05     0.224995        2500
0       0       8.99981e-05     0.224995        2500
0       0       8.99981e-05     0.224995        2500
0       0       8.99981e-05     0.224995        2500
0       0       8.99981e-05     0.224995        2500
0       0       8.99981e-05     0.224995        2500
0       0       8.99981e-05     0.224995        2500
0       0       8.99981e-05     0.224995        2500
0       0       8.99981e-05     0.224995        2500
0       0       8.99981e-05     0.224995        2500
0       0       8.99981e-05     0.224995        2500
0       0       8.99981e-05     0.224995        2500
0       0       8.99981e-05     0.224995        2500
0       0       8.99981e-05     0.224995        2500
0       0       8.99981e-05     0.224995        2500
0       0       8.99981e-05     0.224995        2500
0       0       8.99981e-05     0.224995        2500
0       0       8.99981e-05     0.224995        2500
0       0       8.99981e-05     0.224995        2500
0       0       8.99981e-05     0.224995        2500
0       0       8.99981e-05     0.224995        2500
0       0       8.99981e-05     0.224995        2500
0       0       8.99981e-05     0.224995        2500
0       0       8.99981e-05     0.224995        2500
0       0       8.99981e-05     0.224995        2500
0       0       8.99981e-05     0.224995        2500
0       0       8.99981e-05     0.224995        2500
0       0       8.99981e-05     0.224995        2500
0       0       8.99981e-05     0.224995        2500
0       0       8.99981e-05     0.224995        2500
0       0       8.99981e-05     0.224995        2500
0       0       8.99981e-05     0.224995        2500
0       0       8.99981e-05     0.224995        2500
0       0       8.99981e-05     0.224995        2500
0       0       8.99981e-05     0.224995        2500
0       0       8.99981e-05     0.224995        2500
0       0       8.99981e-05     0.224995        2500
0       0       8.99981e-05     0.224995        2500
0       0       8.99981e-05     0.224995        2500
0       0       8.99981e-05     0.224995        2500
0       0       8.99981e-05     0.224995        2500
0       0       8.99981e-05     0.224995        2500
0       0       8.99981e-05     0.224995        2500
0       0       8.99981e-05     0.224995        2500
0       0       8.99981e-05     0.224995        2500
0       0       8.99981e-05     0.224995        2500
0       0       8.99981e-05     0.224995        2500
0       0       8.99981e-05     0.224995        2500
0       0       8.99981e-05     0.224995        2500
0       0       8.99981e-05     0.224995        2500
0       0       8.99981e-05     0.224995        2500
0       0       8.99981e-05     0.224995        2500
0       0       8.99981e-05     0.224995        2500
0       0       8.99981e-05     0.224995        2500
0       0       8.99981e-05     0.224995        2500
0       0       8.99981e-05     0.224995        2500
0       0       8.99981e-05     0.224995        2500
0       0       8.99981e-05     0.224995        2500
0       0       8.99981e-05     0.224995        2500
0       0       8.99981e-05     0.224995        2500
0       0       8.99981e-05     0.301044        3345
-7.29e-13       0       8.99981e-05     0.223099        2500
-7.29e-13       -1.8225e-09     8.77209e-05     0.211713        2500
-7.29e-13       -3.645e-09      8.08875e-05     0.188936        2500
-7.29e-13       -5.4675e-09     6.94978e-05     0.209604        3611
7.29e-13        -8.09991e-09    4.50031e-05     0.0891019       2500
7.29e-13        -6.27742e-09    2.70306e-05     0.0498635       2500
7.29e-13        -4.45492e-09    1.36142e-05     0.0220157       2500
7.29e-13        -2.63242e-09    4.75415e-06     0.00572558      3611
